3D Truss System Results
U/mm
[[ 1.   -0.01  0.02 -0.05]
 [ 2.    0.   -0.01 -0.04]
 [ 3.    0.    0.    0.  ]
 [ 4.    0.    0.    0.  ]
 [ 5.    0.    0.    0.  ]
 [ 6.    0.    0.    0.  ]]
F/kN
[[ 1.    0.    6.   -8.  ]
 [ 2.    0.    0.    0.  ]
 [ 3.   -2.7   5.4   2.81]
 [ 4.    1.3   2.6   0.  ]
 [ 5.    4.2  -8.4   2.6 ]
 [ 6.   -2.8  -5.6   2.6 ]]
sigma/MPa
[[ 1.    1.3 ]
 [ 2.    0.78]
 [ 3.   -0.84]
 [ 4.   -0.58]
 [ 5.    0.67]
 [ 6.    0.78]
 [ 7.   -0.58]
 [ 8.   -1.04]]
