2D Truss System Results
U/mm
[[ 1.   0.   0. ]
 [ 2.   3.1 -3.5]
 [ 3.   0.7 -6.6]
 [ 4.   1.6 -7.3]
 [ 5.   2.3 -7. ]
 [ 6.  -0.  -3.7]
 [ 7.   3.1  0. ]]
F/kN
[[   1.     0.   233.3]
 [   2.     0.     0. ]
 [   3.     0.  -210. ]
 [   4.    -0.    -0. ]
 [   5.     0.  -280. ]
 [   6.     0.    -0. ]
 [   7.     0.   256.7]]
sigma/MPa
[[  1.  -83. ]
 [  2.   41.6]
 [  3.   83. ]
 [  4.  -83.1]
 [  5.   -8.3]
 [  6.   87.3]
 [  7.    8.3]
 [  8.  -91.4]
 [  9.   91.2]
 [ 10.   45.7]
 [ 11.  -91.2]]
