2D Truss System Results
U/mm
[[ 1.    0.    0.  ]
 [ 2.    0.56 -0.26]
 [ 3.    0.7   0.  ]
 [ 4.    1.94  0.35]
 [ 5.    1.99 -0.35]
 [ 6.    1.79 -0.73]
 [ 7.    3.8   0.46]
 [ 8.    3.8  -0.45]
 [ 9.    3.67 -1.07]
 [10.    5.83  0.3 ]
 [11.    5.8  -0.55]
 [12.    5.72 -1.15]
 [13.    7.73  0.28]
 [14.    7.68 -1.36]]
F/kN
[[   1. -350. -340.]
 [   2.   -0.   -0.]
 [   3.   -0.  460.]
 [   4.  100.    0.]
 [   5.    0.    0.]
 [   6.    0.   -0.]
 [   7.  100.   -0.]
 [   8.    0.    0.]
 [   9.    0.   -0.]
 [  10.  100.    0.]
 [  11.   -0.    0.]
 [  12.   -0.   -0.]
 [  13.   50.  -60.]
 [  14.    0.  -60.]]
sigma/MPa
[[  1.    29.33]
 [  2.     7.67]
 [  3.    34.47]
 [  4.   -16.92]
 [  5.    16.92]
 [  6.   -46.63]
 [  7.     3.  ]
 [  8.   -13.  ]
 [  9.    21.29]
 [ 10.   -14.42]
 [ 11.    14.42]
 [ 12.   -33.46]
 [ 13.     0.  ]
 [ 14.   -10.  ]
 [ 15.     9.12]
 [ 16.   -11.18]
 [ 17.    11.18]
 [ 18.   -21.29]
 [ 19.    -3.5 ]
 [ 20.    -8.5 ]
 [ 21.    -1.  ]
 [ 22.    -5.59]
 [ 23.     5.59]
 [ 24.   -11.  ]
 [ 25.    -2.5 ]]
